Webots Project File version R2023a
perspectives: 000000ff00000000fd000000030000000000000100000002c2fc0200000001fb0000001a0043006f006e0073006f006c00650041006c006c0041006c006c0100000016000002c20000000000000000000000010000013b000002c2fc0200000001fb0000001400540065007800740045006400690074006f00720100000016000002c20000009d00ffffff00000003000005560000008dfc0100000001fb0000001a0043006f006e0073006f006c00650041006c006c0041006c006c010000000000000556000000000000000000000415000002c200000001000000020000000100000008fc00000000
simulationViewPerspectives: 000000ff0000000100000002000001180000030f0100000006010000000100
sceneTreePerspectives: 000000ff00000001000000030000001800000287000000fc0100000006010000000200
minimizedPerspectives: 000000ff00000000fd000000030000000000000100000002c2fc0200000001fb0000001a0043006f006e0073006f006c00650041006c006c0041006c006c0100000016000002c20000005f00ffffff0000000100000221000002c2fc0200000001fb0000001400540065007800740045006400690074006f00720100000016000002c20000009d00ffffff000000030000055600000118fc0100000001fb0000001a0043006f006e0073006f006c00650041006c006c0041006c006c01000001280000042e000000000000000000000229000002c200000001000000020000000100000008fc00000000
maximizedDockId: -1
centralWidgetVisible: 1
orthographicViewHeight: 1
textFiles: 0 "controllers/mbController/mbController.py"
renderingDevicePerspectives: Pioneer 3-AT:camera;1;1.54688;0.0545557;0.15297
